[astromhagglund]
ku = 20.403705103722768
tu = 3.5299999999999248

[skogestad]
rise_time = 178.49999999983766
k = 1.3345118161258511
dead_time = 60.90000000000392

