[astromhagglund]
ku = 20.403705103722768
tu = 3.5299999999999248

[skogestad]
rise_time = 116.15999999989435
k = 1.3275506644239754
dead_time = 5.720000000000004

