[skogestad]
rise_time = 68.84000000000785
k = 1.6641105525061675
dead_time = 258.9999999999849

